Inference probabilities by language:
fr: 0.999067004517
zh: 0.993736634178
de: 0.823407855753
es: 0.807219725319
cs: 0.72710367473
ru: 0.649465105503
