Inference probabilities by language:
ru: 0.842276448746
cs: 0.83850046693
es: 0.83460399185
de: 0.833816675871
zh: 0.825532669912
fr: 0.825269746691
